Block,0,576,003E8D25,0,25,1,4294967295,0,0
Block,0,32,0006BA58,0,1,8,4294967295,0,0
Block,0,0,8DF48A8C,0,25,1,4294967295,0,0
Block,768,32,58E9752C,0,1,17,4294967295,0,0
Block,0,384,3CF14484,0,1,3,4294967295,0,0
Block,64,448,0CB19FB9,0,1,1,4294967295,0,0
Block,-32,256,59C977B7,0,1,1,4294967295,0,0
Block,-32,384,70056AC8,0,1,1,4294967295,0,0
PlayerStart,64,544,E5BCB91F,0,1,1,4294967295,0,0
SaveHard,128,544,8E3030B1,0,1,1,4294967295,0,0
RoomChanger,-32,480,23D2D401,0,1,3,4294967295,0,1
RoomChanger,-32,288,0FC5E1D6,0,1,3,4294967295,0,1
