MiniSpikeDown,48,32,3CC38A01,0,1,1,4294967295,0,0
MiniSpikeDown,32,32,F3580B45,0,1,1,4294967295,0,0
MiniSpikeDown,64,32,BA8807B4,0,1,1,4294967295,0,0
MiniSpikeDown,80,32,751D49B6,0,1,1,4294967295,0,0
MiniSpikeDown,96,32,D2627F2A,0,1,1,4294967295,0,0
MiniSpikeDown,112,32,6DB46712,0,1,1,4294967295,0,0
MiniSpikeDown,128,32,23C063E4,0,1,1,4294967295,0,0
MiniSpikeDown,144,32,63D8AAF1,0,1,1,4294967295,0,0
MiniSpikeDown,160,32,9D0591FA,0,1,1,4294967295,0,0
MiniSpikeDown,176,32,BA5379B6,0,1,1,4294967295,0,0
MiniSpikeDown,192,32,C898F9A0,0,1,1,4294967295,0,0
MiniSpikeDown,208,32,4700CA97,0,1,1,4294967295,0,0
MiniSpikeDown,224,32,45DC61A4,0,1,1,4294967295,0,0
MiniSpikeDown,240,32,B1A5CBB7,0,1,1,4294967295,0,0
MiniSpikeDown,256,32,710923E7,0,1,1,4294967295,0,0
MiniSpikeDown,272,32,03A903D5,0,1,1,4294967295,0,0
MiniSpikeDown,288,32,8A4C067A,0,1,1,4294967295,0,0
MiniSpikeDown,304,32,C6771463,0,1,1,4294967295,0,0
MiniSpikeDown,320,32,2F8E3CA8,0,1,1,4294967295,0,0
MiniSpikeDown,336,32,C932DE63,0,1,1,4294967295,0,0
MiniSpikeDown,352,32,D53039B1,0,1,1,4294967295,0,0
MiniSpikeDown,368,32,8EA52472,0,1,1,4294967295,0,0
MiniSpikeDown,384,32,88A8D3F5,0,1,1,4294967295,0,0
MiniSpikeDown,400,32,472AFC81,0,1,1,4294967295,0,0
MiniSpikeDown,416,32,A39857AE,0,1,1,4294967295,0,0
MiniSpikeDown,432,32,0DB80713,0,1,1,4294967295,0,0
MiniSpikeDown,448,32,1C6EABFE,0,1,1,4294967295,0,0
MiniSpikeDown,464,32,7EBB3DE8,0,1,1,4294967295,0,0
MiniSpikeDown,480,32,4CCA50A7,0,1,1,4294967295,0,0
MiniSpikeDown,496,32,C5F4D603,0,1,1,4294967295,0,0
MiniSpikeDown,512,32,80EDA898,0,1,1,4294967295,0,0
MiniSpikeDown,528,32,CBBE69CA,0,1,1,4294967295,0,0
MiniSpikeDown,544,32,DD30F605,0,1,1,4294967295,0,0
MiniSpikeDown,560,32,9A6DD392,0,1,1,4294967295,0,0
MiniSpikeDown,576,32,019483F7,0,1,1,4294967295,0,0
MiniSpikeDown,592,32,FDD8C505,0,1,1,4294967295,0,0
MiniSpikeDown,608,32,79DA8001,0,1,1,4294967295,0,0
MiniSpikeDown,624,32,CBF35C8F,0,1,1,4294967295,0,0
MiniSpikeDown,640,32,032CC940,0,1,1,4294967295,0,0
MiniSpikeDown,656,32,41AC60CB,0,1,1,4294967295,0,0
MiniSpikeDown,672,32,1EACF825,0,1,1,4294967295,0,0
MiniSpikeDown,688,32,EB130A3E,0,1,1,4294967295,0,0
MiniSpikeUp,32,560,A29E488C,0,1,1,4294967295,0,0
MiniSpikeUp,48,560,4359C60D,0,1,1,4294967295,0,0
MiniSpikeUp,64,560,AE11CAAC,0,1,1,4294967295,0,0
MiniSpikeUp,80,560,0948735F,0,1,1,4294967295,0,0
MiniSpikeUp,96,560,E02DC3E1,0,1,1,4294967295,0,0
MiniSpikeUp,112,560,EFDD4CF2,0,1,1,4294967295,0,0
MiniSpikeUp,128,560,E4A945E5,0,1,1,4294967295,0,0
MiniSpikeUp,144,560,8399864A,0,1,1,4294967295,0,0
MiniSpikeUp,160,560,B84E8F8B,0,1,1,4294967295,0,0
MiniSpikeUp,176,560,8FE3A56A,0,1,1,4294967295,0,0
MiniSpikeUp,192,560,61585F7C,0,1,1,4294967295,0,0
MiniSpikeUp,208,560,39EC2EE0,0,1,1,4294967295,0,0
MiniSpikeUp,224,560,1BDC7683,0,1,1,4294967295,0,0
MiniSpikeUp,240,560,FD22ACD0,0,1,1,4294967295,0,0
MiniSpikeUp,256,560,BE496C92,0,1,1,4294967295,0,0
MiniSpikeUp,272,560,69E2719D,0,1,1,4294967295,0,0
MiniSpikeUp,288,560,91C93325,0,1,1,4294967295,0,0
MiniSpikeUp,304,560,34CF2AF7,0,1,1,4294967295,0,0
MiniSpikeUp,320,560,5CDAA8C7,0,1,1,4294967295,0,0
MiniSpikeUp,336,560,8FFCB124,0,1,1,4294967295,0,0
MiniSpikeUp,352,560,EB6AF68F,0,1,1,4294967295,0,0
MiniSpikeUp,368,560,FAEC424B,0,1,1,4294967295,0,0
MiniSpikeUp,384,560,81B1DE7D,0,1,1,4294967295,0,0
MiniSpikeUp,400,560,97574CF2,0,1,1,4294967295,0,0
MiniSpikeUp,416,560,8E5B92F0,0,1,1,4294967295,0,0
MiniSpikeUp,432,560,094933A3,0,1,1,4294967295,0,0
MiniSpikeUp,448,560,8DE67F17,0,1,1,4294967295,0,0
MiniSpikeUp,464,560,0DECB80E,0,1,1,4294967295,0,0
MiniSpikeUp,480,560,EA5B8D87,0,1,1,4294967295,0,0
MiniSpikeUp,496,560,C782468E,0,1,1,4294967295,0,0
MiniSpikeUp,512,560,54999F39,0,1,1,4294967295,0,0
MiniSpikeUp,528,560,8B629AB8,0,1,1,4294967295,0,0
MiniSpikeUp,544,560,4381FF95,0,1,1,4294967295,0,0
MiniSpikeUp,560,560,EBF200C4,0,1,1,4294967295,0,0
MiniSpikeUp,576,560,153FD54A,0,1,1,4294967295,0,0
MiniSpikeUp,592,560,4C5FDFE8,0,1,1,4294967295,0,0
MiniSpikeUp,608,560,D757B55D,0,1,1,4294967295,0,0
MiniSpikeUp,624,560,7ACF02E6,0,1,1,4294967295,0,0
MiniSpikeUp,640,560,9480AAC0,0,1,1,4294967295,0,0
MiniSpikeUp,656,560,D9F55221,0,1,1,4294967295,0,0
MiniSpikeUp,672,560,BA4D1F02,0,1,1,4294967295,0,0
MiniSpikeUp,688,560,09BF17CF,0,1,1,4294967295,0,0
Block,0,0,EBCE4B72,0,1,1,4294967295,0,0
Block,0,32,84BCF611,0,1,1,4294967295,0,0
Block,0,64,D4BA8F4C,0,1,1,4294967295,0,0
Block,0,96,260E5355,0,1,1,4294967295,0,0
Block,0,128,55A5D9A9,0,1,1,4294967295,0,0
Block,0,160,4CAAD1C4,0,1,1,4294967295,0,0
Block,0,192,CE0E5A02,0,1,1,4294967295,0,0
Block,0,224,B3F86604,0,1,1,4294967295,0,0
Block,0,256,4B24C410,0,1,1,4294967295,0,0
Block,0,288,D567357D,0,1,1,4294967295,0,0
Block,0,320,0A17971F,0,1,1,4294967295,0,0
Block,0,352,F53B4A77,0,1,1,4294967295,0,0
Block,0,384,38517286,0,1,1,4294967295,0,0
Block,0,416,503E3CAA,0,1,1,4294967295,0,0
Block,0,448,9D9ACF1F,0,1,1,4294967295,0,0
Block,0,480,7D6FF7F8,0,1,1,4294967295,0,0
Block,0,512,6D27D61D,0,1,1,4294967295,0,0
Block,0,544,39AF33D4,0,1,1,4294967295,0,0
Block,0,576,AA05E833,0,1,1,4294967295,0,0
Block,32,576,1860899A,0,1,1,4294967295,0,0
Block,64,576,0C2D736B,0,1,1,4294967295,0,0
Block,96,576,45579F62,0,1,1,4294967295,0,0
Block,128,576,D9AE891E,0,1,1,4294967295,0,0
Block,160,576,1E49268E,0,1,1,4294967295,0,0
Block,192,576,2BB08A7A,0,1,1,4294967295,0,0
Block,224,576,B547CBA7,0,1,1,4294967295,0,0
Block,256,576,E541D5A9,0,1,1,4294967295,0,0
Block,288,576,FF3328DF,0,1,1,4294967295,0,0
Block,320,576,7FC6B8DA,0,1,1,4294967295,0,0
Block,352,576,E38B4AE0,0,1,1,4294967295,0,0
Block,384,576,58969E61,0,1,1,4294967295,0,0
Block,416,576,87CADE98,0,1,1,4294967295,0,0
Block,448,576,B10D4C6B,0,1,1,4294967295,0,0
Block,480,576,9475D289,0,1,1,4294967295,0,0
Block,512,576,52DA2557,0,1,1,4294967295,0,0
Block,544,576,1C8A80BC,0,1,1,4294967295,0,0
Block,576,576,4EFB11A7,0,1,1,4294967295,0,0
Block,608,576,0682029A,0,1,1,4294967295,0,0
Block,640,576,220356D0,0,1,1,4294967295,0,0
Block,672,576,2E7DDB3E,0,1,1,4294967295,0,0
Block,704,576,7380A079,0,1,1,4294967295,0,0
Block,736,576,8273BD55,0,1,1,4294967295,0,0
Block,768,576,BBE1A1A6,0,1,1,4294967295,0,0
Block,768,544,778142FB,0,1,1,4294967295,0,0
Block,768,512,6FB2F01F,0,1,1,4294967295,0,0
Block,768,480,FD28BEFB,0,1,1,4294967295,0,0
Block,768,448,B3DA3E37,0,1,1,4294967295,0,0
Block,768,416,5B107ECD,0,1,1,4294967295,0,0
Block,768,384,14EF996E,0,1,1,4294967295,0,0
Block,768,352,53D1F667,0,1,1,4294967295,0,0
Block,768,320,EF0EA823,0,1,1,4294967295,0,0
Block,768,288,39972F7A,0,1,1,4294967295,0,0
Block,768,256,4750CF8F,0,1,1,4294967295,0,0
Block,768,224,1CBE7CB1,0,1,1,4294967295,0,0
Block,768,192,AB2516C3,0,1,1,4294967295,0,0
Block,768,160,FBB32CD4,0,1,1,4294967295,0,0
Block,768,128,8EF4232D,0,1,1,4294967295,0,0
Block,768,96,FB705CFF,0,1,1,4294967295,0,0
Block,768,64,30DD7EA0,0,1,1,4294967295,0,0
Block,768,32,B3505199,0,1,1,4294967295,0,0
Block,768,0,52633879,0,1,1,4294967295,0,0
Block,736,0,1CA8BA00,0,1,1,4294967295,0,0
Block,704,0,BF4013F9,0,1,1,4294967295,0,0
Block,672,0,0E9BAF56,0,1,1,4294967295,0,0
Block,640,0,FF0ECB08,0,1,1,4294967295,0,0
Block,608,0,E557DFC2,0,1,1,4294967295,0,0
Block,576,0,156CD831,0,1,1,4294967295,0,0
Block,544,0,96B311B0,0,1,1,4294967295,0,0
Block,512,0,61CB5AE3,0,1,1,4294967295,0,0
Block,480,0,08AF1C0E,0,1,1,4294967295,0,0
Block,448,0,17EB6D70,0,1,1,4294967295,0,0
Block,416,0,BB34D44C,0,1,1,4294967295,0,0
Block,384,0,B86DF288,0,1,1,4294967295,0,0
Block,352,0,9FF1C7AA,0,1,1,4294967295,0,0
Block,320,0,480EB220,0,1,1,4294967295,0,0
Block,288,0,CACC1E88,0,1,1,4294967295,0,0
Block,256,0,956B6BE9,0,1,1,4294967295,0,0
Block,224,0,F0BF7C66,0,1,1,4294967295,0,0
Block,192,0,1FCD9232,0,1,1,4294967295,0,0
Block,160,0,995A0B01,0,1,1,4294967295,0,0
Block,128,0,9DD8BD6A,0,1,1,4294967295,0,0
Block,96,0,EACCBED2,0,1,1,4294967295,0,0
Block,64,0,C60A490A,0,1,1,4294967295,0,0
Block,32,0,49FB1C1E,0,1,1,4294967295,0,0
Block,704,32,8A85C6B3,0,1,1,4294967295,0,0
Block,704,64,76ED528B,0,1,1,4294967295,0,0
Block,704,96,549EAD74,0,1,1,4294967295,0,0
Block,704,128,19469D2D,0,1,1,4294967295,0,0
Block,736,128,6D3E0316,0,1,1,4294967295,0,0
Block,736,160,A6FCB7D8,0,1,1,4294967295,0,0
Block,736,192,8B75D9F8,0,1,1,4294967295,0,0
Block,736,224,D84CF2FF,0,1,1,4294967295,0,0
Block,736,256,FB5BCBC3,0,1,1,4294967295,0,0
Block,736,288,0922FA2F,0,1,1,4294967295,0,0
Block,736,320,A3D25CDC,0,1,1,4294967295,0,0
Block,736,352,8EFC68DE,0,1,1,4294967295,0,0
Block,736,384,5252490F,0,1,1,4294967295,0,0
Block,736,416,C867AFFC,0,1,1,4294967295,0,0
Block,736,448,9FAC7332,0,1,1,4294967295,0,0
Block,736,480,B6BC61F0,0,1,1,4294967295,0,0
Block,736,512,64556472,0,1,1,4294967295,0,0
Block,704,512,9AF474C8,0,1,1,4294967295,0,0
Block,704,544,D5B509D2,0,1,1,4294967295,0,0
Block,736,544,85206967,0,1,1,4294967295,0,0
Block,704,480,E42A8529,0,1,1,4294967295,0,0
Block,704,448,5B6128E7,0,1,1,4294967295,0,0
Block,704,416,EC649BA5,0,1,1,4294967295,0,0
Block,704,384,2A1EE173,0,1,1,4294967295,0,0
Block,704,352,76639195,0,1,1,4294967295,0,0
Block,704,320,343995BB,0,1,1,4294967295,0,0
Block,704,288,F0D90E3C,0,1,1,4294967295,0,0
Block,704,256,517C8E0F,0,1,1,4294967295,0,0
Block,704,224,73384BEC,0,1,1,4294967295,0,0
Block,704,192,DA568782,0,1,1,4294967295,0,0
Block,704,160,3DEE1C79,0,1,1,4294967295,0,0
Block,736,96,0E7E0F33,0,1,1,4294967295,0,0
Block,736,64,44899567,0,1,1,4294967295,0,0
Block,736,32,19C01484,0,1,1,4294967295,0,0
VineRight,704,32,C1AA48D7,0,1,1,4294967295,0,0
VineRight,704,64,5C20B52D,0,1,1,4294967295,0,0
VineRight,704,96,D4D64BB1,0,1,1,4294967295,0,0
VineRight,704,160,51265976,0,1,1,4294967295,0,0
VineRight,704,128,66E410EC,0,1,1,4294967295,0,0
VineRight,704,192,EC893B71,0,1,1,4294967295,0,0
VineRight,704,224,A6CD63F2,0,1,1,4294967295,0,0
VineRight,704,256,0B45BFC7,0,1,1,4294967295,0,0
VineRight,704,288,791192E9,0,1,1,4294967295,0,0
VineRight,704,320,1804C418,0,1,1,4294967295,0,0
VineRight,704,352,9D26E1A8,0,1,1,4294967295,0,0
VineRight,704,384,CB79106B,0,1,1,4294967295,0,0
VineRight,704,416,0E42D705,0,1,1,4294967295,0,0
VineRight,704,448,FE8DA382,0,1,1,4294967295,0,0
VineRight,704,480,7559704B,0,1,1,4294967295,0,0
VineRight,704,512,39909238,0,1,1,4294967295,0,0
VineRight,704,544,76B0394D,0,1,1,4294967295,0,0
Platform,384,320,9AD993FA,0,1,1,4294967295,0,1
PlayerStart,384,288,A959242B,0,1,1,4294967295,0,0
objSampleBoss,208,320,A7992F1E,0,1,1,4294967295,0,0
objSampleBossItem,608,288,F70BA883,0,1,1,4294967295,0,0
objSampleBossWarp,544,288,054247FC,0,1,1,4294967295,0,1
